10000
10000
10000
10000
10000
10000
10000
10000
10000
10000
10000
10000
10000
10000
10000
10000
10000
10000
10000
10000
10000
10000
10000
10000
10000
10000
10000
10000
10000
10000
10000
10000
10000
10000
10000
10000
10000
10000
10000
10000
10000
10000
10000
10000
10000
10000
10000
10000
10000
10000
10000
10000
10000
10000
10000
9999
9999
9999
9999
9999
9999
9999
9999
9999
9999
9999
9999
9999
9999
9999
9999
9999
9999
9999
9999
9999
9999
9999
9999
9999
9999
9999
9999
9999
9999
9999
9999
9999
9999
9999
9999
9999
9999
9999
9999
9999
9999
9999
9999
9999
9999
9998
9998
9998
9998
9998
9998
9998
9998
9998
9998
9998
9998
9998
9998
9998
9998
9998
9998
9998
9998
9998
9998
9998
9998
9998
9998
9998
9998
9998
9998
9998
9998
9998
9998
9998
9998
9998
9998
9998
9998
9998
9998
9997
9997
9997
9997
9997
9997
9997
9997
9997
9997
9997
9997
9997
9997
9997
9997
9997
9997
9997
9997
9997
9997
9997
9997
9997
9997
9997
9997
9997
9997
9997
9997
9997
9997
9997
9997
9997
9997
9997
9997
9997
9997
9997
9997
9996
9996
9996
9996
9996
9996
9996
9996
9996
9996
9996
9996
9996
9996
9996
9996
9996
9996
9996
9996
9996
9996
9996
9996
9996
9996
9996
9996
9996
9996
9996
9996
9996
9996
9996
9996
9996
9996
9996
9996
9995
9995
9995
9995
9995
9995
9995
9995
9995
9995
9995
9995
9995
9995
9995
9995
9995
9995
9995
9995
9995
9995
9995
9995
9995
9995
9995
9995
9995
9995
9995
9995
9994
9994
9994
9994
9994
9994
9994
9994
9994
9994
9994
9994
9994
9994
9994
9994
9994
9994
9994
9994
9994
9994
9994
9994
9994
9994
9994
9994
9994
9994
9994
9994
9994
9994
9994
9994
9994
9994
9994
9994
9993
9993
9993
9993
9993
9993
9993
9993
9993
9993
9993
9993
9993
9993
9993
9993
9993
9993
9993
9993
9993
9993
9993
9993
9993
9993
9993
9993
9993
9993
9993
9993
9993
9993
9993
9993
9992
9992
9992
9992
9992
9992
9992
9992
9992
9992
9992
9992
9992
9992
9992
9992
9992
9992
9992
9992
9992
9992
9992
9992
9992
9992
9992
9992
9992
9992
9992
9992
9992
9992
9992
9992
9992
9992
9992
9991
9991
9991
9991
9991
9991
9991
9991
9991
9991
9991
9991
9991
9991
9991
9991
9991
9991
9991
9991
9991
9991
9991
9991
9991
9991
9991
9991
9991
9991
9991
9991
9991
9990
9990
9990
9990
9990
9990
9990
9990
9990
9990
9990
9990
9990
9990
9990
9990
9990
9990
9990
9990
9990
9990
9990
9990
9990
9990
9990
9990
9990
9990
9990
9990
9990
9990
9990
9990
9990
9990
9990
9990
9990
9989
9989
9989
9989
9989
9989
9989
9989
9989
9989
9989
9989
9989
9989
9989
9989
9989
9989
9989
9989
9989
9989
9989
9989
9989
9989
9989
9989
9989
9989
9989
9989
9988
9988
9988
9988
9988
9988
9988
9988
9988
9988
9988
9988
9988
9988
9988
9988
9988
9988
9988
9988
9988
9988
9988
9988
9988
9988
9988
9988
9988
9988
9988
9988
9988
9988
9988
9987
9987
9987
9987
9987
9987
9987
9987
9987
9987
9987
9987
9987
9987
9987
9987
9987
9987
9987
9987
9987
9987
9987
9987
9987
9987
9987
9987
9987
9987
9987
9986
9986
9986
9986
9986
9986
9986
9986
9986
9986
9986
9986
9986
9986
9986
9986
9986
9986
9986
9986
9986
9986
9986
9986
9986
9986
9986
9986
9986
9986
9986
9986
9986
9986
9986
9986
9986
9986
9986
9986
9986
9986
9985
9985
9985
9985
9985
9985
9985
9985
9985
9985
9985
9985
9985
9985
9985
9985
9985
9985
9985
9985
9985
9985
9985
9985
9985
9985
9985
9985
9985
9985
9985
9985
9985
9985
9985
9985
9984
9984
9984
9984
9984
9984
9984
9984
9984
9984
9984
9984
9984
9984
9984
9984
9984
9984
9984
9984
9984
9984
9984
9984
9984
9984
9984
9984
9984
9984
9984
9984
9984
9984
9984
9984
9984
9984
9984
9984
9983
9983
9983
9983
9983
9983
9983
9983
9983
9983
9983
9983
9983
9983
9983
9983
9983
9983
9983
9983
9983
9983
9983
9983
9983
9983
9983
9983
9983
9983
9983
9983
9983
9983
9983
9983
9983
9983
9983
9982
9982
9982
9982
9982
9982
9982
9982
9982
9982
9982
9982
9982
9982
9982
9982
9982
9982
9982
9982
9982
9982
9982
9982
9982
9982
9982
9982
9982
9982
9982
9982
9982
9982
9982
9982
9982
9982
9982
9982
9982
9982
9981
9981
9981
9981
9981
9981
9981
9981
9981
9981
9981
9981
9981
9981
9981
9981
9981
9981
9981
9981
9981
9981
9981
9981
9981
9981
9981
9981
9981
9981
9981
9981
9980
9980
9980
9980
9980
9980
9980
9980
9980
9980
9980
9980
9980
9980
9980
9980
9980
9980
9980
9980
9980
9980
9980
9980
9980
9980
9980
9980
9980
9980
9980
9980
9980
9980
9980
9980
9980
9980
9980
9979
9979
9979
9979
9979
9979
9979
9979
9979
9979
9979
9979
9979
9979
9979
9979
9979
9979
9979
9979
9979
9979
9979
9979
9979
9979
9979
9979
9979
9979
9979
9979
9979
9979
9979
9979
9979
9979
9979
9979
9979
9979
9979
9979
9979
9979
9978
9978
9978
9978
9978
9978
9978
9978
9978
9978
9978
9978
9978
9978
9978
9978
9978
9978
9978
9978
9978
9978
9978
9978
9978
9978
9978
9978
9978
9978
9978
9978
9978
9978
9977
9977
9977
9977
9977
9977
9977
9977
9977
9977
9977
9977
9977
9977
9977
9977
9977
9977
9977
9977
9977
9977
9977
9977
9977
9977
9977
9977
9977
9977
9977
9977
9977
9977
9977
9977
9977
9977
9977
9976
9976
9976
9976
9976
9976
9976
9976
9976
9976
9976
9976
9976
9976
9976
9976
9976
9976
9976
9976
9976
9976
9976
9976
9976
9976
9976
9976
9976
9976
9976
9976
9976
9976
9976
9976
9976
9976
9976
9976
9976
9976
9976
9976
9976
9976
9976
9976
9975
9975
9975
9975
9975
9975
9975
9975
9975
9975
9975
9975
9975
9975
9975
9975
9975
9975
9975
9975
9975
9975
9975
9975
9975
9975
9975
9975
9975
9975
9975
9975
9975
9975
9975
9975
9975
9975
9975
9975
9975
9975
9974
9974
9974
9974
9974
9974
9974
9974
9974
9974
9974
9974
9974
9974
9974
9974
9974
9974
9974
9974
9974
9974
9974
9974
9974
9974
9974
9974
9974
9974
9974
9974
9974
9974
9974
9974
9974
9974
9974
9974
9974
9974
9973
9973
9973
9973
9973
9973
9973
9973
9973
9973
9973
9973
9973
9973
9973
9973
9973
9973
9973
9973
9973
9973
9973
9973
9973
9973
9973
9973
9973
9973
9973
9973
9973
